3.560e-03
3.329e-03
3.318e-03
3.124e-03
3.260e-03
3.194e-03
3.336e-03
3.486e-03
3.328e-03
3.399e-03
3.212e-03
3.368e-03
3.259e-03
3.292e-03
3.320e-03
3.254e-03
3.388e-03
3.237e-03
3.341e-03
3.380e-03
3.255e-03
3.410e-03
3.367e-03
3.275e-03
3.398e-03
3.423e-03
3.188e-03
3.499e-03
3.397e-03
3.429e-03
3.471e-03
3.434e-03
3.326e-03
3.513e-03
3.362e-03
3.508e-03
3.352e-03
3.491e-03
3.468e-03
3.417e-03
3.438e-03
3.355e-03
3.243e-03
3.272e-03
3.349e-03
3.425e-03
3.309e-03
3.341e-03
3.410e-03
3.348e-03
3.462e-03
3.166e-03
3.239e-03
3.377e-03
3.375e-03
3.273e-03
3.345e-03
3.424e-03
3.460e-03
3.383e-03
3.352e-03
3.336e-03
3.434e-03
3.448e-03
3.378e-03
3.310e-03
3.368e-03
3.314e-03
3.427e-03
3.414e-03
3.326e-03
3.201e-03
3.318e-03
3.414e-03
3.419e-03
3.458e-03
3.355e-03
3.263e-03
3.398e-03
3.199e-03
3.417e-03
3.244e-03
3.405e-03
3.247e-03
3.301e-03
3.402e-03
3.439e-03
3.454e-03
3.476e-03
3.182e-03
3.476e-03
3.430e-03
3.434e-03
3.329e-03
3.336e-03
3.310e-03
3.427e-03
3.412e-03
3.374e-03
3.370e-03
3.319e-03
3.447e-03
3.251e-03
3.390e-03
3.480e-03
3.204e-03
3.254e-03
3.247e-03
3.085e-03
3.340e-03
3.435e-03
3.524e-03
3.439e-03
3.429e-03
3.414e-03
3.223e-03
3.206e-03
3.519e-03
3.356e-03
3.495e-03
3.300e-03
3.159e-03
3.389e-03
3.459e-03
3.299e-03
3.267e-03
3.461e-03
3.333e-03
3.345e-03
3.424e-03
3.517e-03
3.424e-03
3.372e-03
3.479e-03
3.301e-03
3.308e-03
3.241e-03
3.267e-03
3.142e-03
3.354e-03
3.376e-03
3.305e-03
3.452e-03
3.375e-03
3.350e-03
3.336e-03
3.452e-03
3.418e-03
3.368e-03
3.376e-03
3.196e-03
3.297e-03
3.491e-03
3.319e-03
3.378e-03
3.342e-03
3.324e-03
3.512e-03
3.277e-03
3.274e-03
3.513e-03
3.556e-03
3.360e-03
3.468e-03
3.327e-03
3.411e-03
3.366e-03
3.385e-03
3.218e-03
3.471e-03
3.393e-03
3.413e-03
3.191e-03
3.485e-03
3.389e-03
3.279e-03
3.393e-03
3.216e-03
3.406e-03
3.399e-03
3.471e-03
3.377e-03
3.356e-03
3.403e-03
3.177e-03
3.236e-03
3.341e-03
3.343e-03
3.474e-03
3.317e-03
3.290e-03
3.477e-03
3.360e-03
3.463e-03
3.468e-03
3.453e-03
3.372e-03
3.403e-03
3.230e-03
3.350e-03
3.457e-03
3.371e-03
3.337e-03
3.501e-03
3.173e-03
3.519e-03
3.283e-03
3.328e-03
3.329e-03
3.471e-03
3.372e-03
3.341e-03
3.461e-03
3.402e-03
3.415e-03
3.385e-03
3.220e-03
3.378e-03
3.248e-03
3.407e-03
3.230e-03
3.174e-03
3.318e-03
3.235e-03
3.425e-03
3.237e-03
3.288e-03
3.302e-03
3.270e-03
3.346e-03
3.298e-03
3.244e-03
3.464e-03
3.213e-03
3.202e-03
3.152e-03
3.284e-03
3.534e-03
3.205e-03
3.253e-03
3.256e-03
3.258e-03
3.577e-03
3.435e-03
3.452e-03
3.173e-03
3.275e-03
3.288e-03
3.314e-03
3.276e-03
3.326e-03
3.417e-03
3.257e-03
3.395e-03
3.437e-03
3.433e-03
3.422e-03
3.367e-03
3.195e-03
3.315e-03
3.286e-03
3.349e-03
3.457e-03
3.230e-03
3.232e-03
3.428e-03
3.361e-03
3.586e-03
3.469e-03
3.310e-03
3.422e-03
3.344e-03
3.451e-03
3.363e-03
3.304e-03
3.384e-03
3.502e-03
3.233e-03
3.447e-03
3.262e-03
3.312e-03
3.424e-03
3.393e-03
3.482e-03
3.357e-03
3.319e-03
3.372e-03
3.230e-03
3.178e-03
3.352e-03
3.214e-03
3.408e-03
3.311e-03
3.387e-03
3.317e-03
3.331e-03
3.390e-03
3.391e-03
3.322e-03
3.142e-03
3.383e-03
3.330e-03
3.408e-03
3.359e-03
3.193e-03
3.256e-03
3.357e-03
3.319e-03
3.377e-03
3.344e-03
3.379e-03
3.538e-03
3.226e-03
3.545e-03
3.400e-03
3.197e-03
3.491e-03
3.218e-03
3.186e-03
3.455e-03
3.479e-03
3.495e-03
3.500e-03
3.229e-03
3.416e-03
3.396e-03
3.308e-03
3.407e-03
3.372e-03
3.464e-03
3.421e-03
3.216e-03
3.244e-03
3.393e-03
3.210e-03
3.350e-03
3.314e-03
3.341e-03
3.329e-03
3.401e-03
3.369e-03
3.416e-03
3.344e-03
3.193e-03
3.441e-03
3.310e-03
3.331e-03
3.500e-03
3.359e-03
3.483e-03
3.333e-03
3.259e-03
3.272e-03
3.323e-03
3.339e-03
3.162e-03
3.467e-03
3.304e-03
3.388e-03
3.478e-03
3.272e-03
3.367e-03
3.364e-03
3.417e-03
3.515e-03
3.423e-03
3.392e-03
3.286e-03
3.353e-03
3.210e-03
3.283e-03
3.430e-03
3.411e-03
3.363e-03
3.385e-03
3.359e-03
3.500e-03
3.422e-03
3.465e-03
3.330e-03
3.504e-03
3.303e-03
3.401e-03
3.353e-03
3.402e-03
3.444e-03
3.357e-03
3.387e-03
3.404e-03
3.326e-03
3.251e-03
3.393e-03
3.221e-03
3.353e-03
3.259e-03
3.516e-03
3.280e-03
3.392e-03
3.463e-03
3.374e-03
3.239e-03
3.442e-03
3.298e-03
3.430e-03
3.283e-03
3.389e-03
3.297e-03
3.309e-03
3.464e-03
3.452e-03
3.295e-03
3.270e-03
3.123e-03
3.198e-03
3.370e-03
3.358e-03
3.248e-03
3.382e-03
3.334e-03
3.509e-03
3.306e-03
3.494e-03
3.263e-03
3.362e-03
3.442e-03
3.504e-03
3.237e-03
3.259e-03
3.279e-03
3.196e-03
3.457e-03
3.193e-03
3.359e-03
3.239e-03
3.380e-03
3.298e-03
3.274e-03
3.409e-03
3.397e-03
3.366e-03
3.337e-03
3.245e-03
3.289e-03
3.180e-03
3.304e-03
3.513e-03
3.371e-03
3.489e-03
3.305e-03
3.383e-03
3.309e-03
3.317e-03
3.275e-03
3.436e-03
3.307e-03
3.321e-03
3.412e-03
3.438e-03
3.310e-03
3.366e-03
3.483e-03
3.418e-03
3.332e-03
3.372e-03
3.361e-03
3.338e-03
3.298e-03
3.429e-03
3.306e-03
3.341e-03
3.358e-03
3.491e-03
3.438e-03
3.435e-03
3.455e-03
3.433e-03
3.408e-03
3.385e-03
3.335e-03
3.275e-03
3.482e-03
3.397e-03
3.384e-03
3.305e-03
3.548e-03
3.359e-03
3.209e-03
3.397e-03
3.439e-03
3.346e-03
3.322e-03
3.473e-03
3.388e-03
3.184e-03
3.385e-03
3.522e-03
3.436e-03
3.390e-03
3.558e-03
3.519e-03
3.124e-03
3.189e-03
3.280e-03
3.312e-03
3.530e-03
3.491e-03
3.331e-03
3.350e-03
3.299e-03
3.243e-03
3.346e-03
3.464e-03
3.373e-03
3.424e-03
3.435e-03
3.270e-03
3.387e-03
3.390e-03
3.428e-03
3.378e-03
3.415e-03
3.316e-03
3.415e-03
3.253e-03
3.449e-03
3.348e-03
3.344e-03
3.370e-03
3.380e-03
3.441e-03
3.457e-03
3.479e-03
3.254e-03
3.265e-03
3.375e-03
3.171e-03
3.467e-03
3.261e-03
3.245e-03
3.497e-03
3.502e-03
3.367e-03
3.369e-03
3.302e-03
3.530e-03
3.411e-03
3.368e-03
3.319e-03
3.379e-03
3.268e-03
3.263e-03
3.420e-03
3.308e-03
3.225e-03
3.278e-03
3.255e-03
3.354e-03
3.304e-03
3.412e-03
3.290e-03
3.372e-03
3.218e-03
3.204e-03
3.263e-03
3.113e-03
3.374e-03
3.172e-03
3.549e-03
3.462e-03
3.330e-03
3.272e-03
3.516e-03
3.467e-03
3.387e-03
3.273e-03
3.402e-03
3.294e-03
3.412e-03
3.436e-03
3.233e-03
3.406e-03
3.481e-03
3.401e-03
3.347e-03
3.407e-03
3.167e-03
3.235e-03
3.342e-03
3.439e-03
3.127e-03
3.389e-03
3.291e-03
3.331e-03
3.319e-03
3.349e-03
3.436e-03
3.535e-03
3.120e-03
3.314e-03
3.355e-03
3.226e-03
3.225e-03
3.418e-03
3.365e-03
3.278e-03
3.247e-03
3.269e-03
3.412e-03
3.314e-03
3.268e-03
3.155e-03
3.286e-03
3.435e-03
3.421e-03
3.485e-03
3.328e-03
3.389e-03
3.385e-03
3.271e-03
3.424e-03
3.438e-03
3.516e-03
3.323e-03
3.258e-03
3.329e-03
3.306e-03
3.440e-03
3.528e-03
3.372e-03
3.282e-03
3.507e-03
3.530e-03
3.401e-03
3.090e-03
3.303e-03
3.264e-03
3.293e-03
3.392e-03
3.202e-03
3.458e-03
3.630e-03
3.296e-03
3.467e-03
3.308e-03
3.514e-03
3.279e-03
3.371e-03
3.440e-03
3.214e-03
3.174e-03
3.326e-03
3.436e-03
3.536e-03
3.362e-03
3.343e-03
3.437e-03
3.428e-03
3.361e-03
3.465e-03
3.354e-03
3.286e-03
3.494e-03
3.380e-03
3.406e-03
3.459e-03
3.184e-03
3.366e-03
3.292e-03
3.259e-03
3.379e-03
3.435e-03
3.412e-03
3.192e-03
3.427e-03
3.436e-03
3.277e-03
3.213e-03
3.294e-03
3.325e-03
3.242e-03
3.199e-03
3.374e-03
3.396e-03
3.377e-03
3.356e-03
3.116e-03
3.393e-03
3.322e-03
3.433e-03
3.283e-03
3.347e-03
3.223e-03
3.403e-03
3.240e-03
3.167e-03
3.488e-03
3.470e-03
3.245e-03
3.380e-03
3.326e-03
3.357e-03
3.351e-03
3.331e-03
3.263e-03
3.344e-03
3.277e-03
3.410e-03
3.192e-03
3.255e-03
3.255e-03
3.443e-03
3.300e-03
3.328e-03
3.319e-03
3.442e-03
3.322e-03
3.469e-03
3.367e-03
3.364e-03
3.434e-03
3.490e-03
3.261e-03
3.234e-03
3.369e-03
3.390e-03
3.452e-03
3.186e-03
3.367e-03
3.216e-03
3.336e-03
3.392e-03
3.612e-03
3.337e-03
3.295e-03
3.435e-03
3.407e-03
3.373e-03
3.459e-03
3.367e-03
3.354e-03
3.321e-03
3.386e-03
3.383e-03
3.159e-03
3.323e-03
3.364e-03
3.361e-03
3.173e-03
3.305e-03
3.501e-03
3.263e-03
3.299e-03
3.519e-03
3.463e-03
3.291e-03
3.423e-03
3.351e-03
3.230e-03
3.173e-03
3.241e-03
3.422e-03
3.405e-03
3.382e-03
3.394e-03
3.439e-03
3.361e-03
3.404e-03
3.429e-03
3.072e-03
3.436e-03
3.505e-03
3.433e-03
3.306e-03
3.241e-03
3.397e-03
3.217e-03
3.586e-03
3.546e-03
3.408e-03
3.320e-03
3.336e-03
3.320e-03
3.265e-03
3.226e-03
3.349e-03
3.323e-03
3.297e-03
3.384e-03
3.242e-03
3.413e-03
3.412e-03
3.377e-03
3.456e-03
3.399e-03
3.235e-03
3.248e-03
3.363e-03
3.219e-03
3.297e-03
3.430e-03
3.179e-03
3.368e-03
3.347e-03
3.098e-03
3.226e-03
3.414e-03
3.439e-03
3.276e-03
3.399e-03
3.249e-03
3.305e-03
3.034e-03
3.474e-03
3.394e-03
3.366e-03
3.303e-03
3.403e-03
3.472e-03
3.443e-03
3.127e-03
3.330e-03
3.424e-03
3.505e-03
3.458e-03
3.335e-03
3.447e-03
3.292e-03
3.282e-03
3.407e-03
3.371e-03
3.547e-03
3.323e-03
3.468e-03
3.364e-03
3.410e-03
3.440e-03
3.311e-03
3.575e-03
3.217e-03
3.308e-03
3.395e-03
3.331e-03
3.461e-03
3.390e-03
3.372e-03
3.398e-03
3.315e-03
3.381e-03
3.422e-03
3.341e-03
3.370e-03
3.531e-03
3.354e-03
3.208e-03
3.346e-03
3.252e-03
3.368e-03
3.349e-03
3.361e-03
3.417e-03
3.225e-03
3.470e-03
3.259e-03
3.107e-03
3.397e-03
3.343e-03
3.451e-03
3.359e-03
3.280e-03
3.341e-03
3.368e-03
3.398e-03
3.287e-03
3.325e-03
3.490e-03
3.565e-03
3.360e-03
3.273e-03
3.332e-03
3.363e-03
3.287e-03
3.276e-03
3.487e-03
3.467e-03
3.305e-03
3.339e-03
3.261e-03
3.445e-03
3.263e-03
3.319e-03
3.192e-03
3.329e-03
3.436e-03
3.357e-03
3.162e-03
3.326e-03
3.356e-03
3.343e-03
3.354e-03
3.462e-03
3.365e-03
3.237e-03
3.408e-03
3.285e-03
3.143e-03
3.284e-03
3.224e-03
3.093e-03
3.373e-03
3.462e-03
3.551e-03
3.396e-03
3.269e-03
3.149e-03
3.223e-03
3.220e-03
3.334e-03
3.350e-03
3.542e-03
3.353e-03
3.404e-03
3.347e-03
3.312e-03
3.470e-03
3.347e-03
3.356e-03
3.311e-03
3.382e-03
3.268e-03
3.516e-03
3.297e-03
3.350e-03
3.362e-03
3.172e-03
3.269e-03
3.378e-03
3.293e-03
3.509e-03
3.333e-03
3.460e-03
3.268e-03
3.369e-03
3.440e-03
3.344e-03
3.230e-03
3.252e-03
3.421e-03
3.240e-03
3.444e-03
3.348e-03
3.485e-03
3.397e-03
3.328e-03
3.383e-03
3.356e-03
3.302e-03
3.301e-03
3.372e-03
3.401e-03
3.281e-03
3.425e-03
3.304e-03
3.279e-03
3.483e-03
3.387e-03
3.163e-03
3.394e-03
3.323e-03
3.329e-03
3.357e-03
3.406e-03
3.481e-03
3.349e-03
3.401e-03
3.325e-03
3.343e-03
3.472e-03
3.344e-03
3.341e-03
3.355e-03
3.444e-03
3.303e-03
3.431e-03
3.341e-03
3.308e-03
3.395e-03
3.454e-03
3.320e-03
3.327e-03
3.391e-03
3.417e-03
3.317e-03
3.274e-03
3.427e-03
3.342e-03
3.481e-03
3.443e-03
3.291e-03
3.476e-03
3.355e-03
3.218e-03
3.371e-03
3.375e-03
3.339e-03
3.336e-03
3.406e-03
3.456e-03
3.256e-03
3.411e-03
3.539e-03
3.496e-03
3.339e-03
3.278e-03
3.401e-03
3.527e-03
3.449e-03
3.277e-03
3.275e-03
3.307e-03
3.266e-03
3.285e-03
3.416e-03
3.356e-03
3.411e-03
3.501e-03
3.364e-03
3.429e-03
3.255e-03
3.329e-03
3.393e-03
3.371e-03
3.342e-03
3.459e-03
3.201e-03
3.204e-03
3.335e-03
3.182e-03
3.333e-03
3.435e-03
3.333e-03
3.422e-03
3.310e-03
3.365e-03
3.335e-03
3.504e-03
3.281e-03
3.363e-03
3.474e-03
3.459e-03
3.443e-03
3.423e-03
3.309e-03
3.405e-03
3.406e-03
3.436e-03
3.443e-03
3.450e-03
3.338e-03
3.311e-03
3.306e-03
3.413e-03
3.375e-03
3.303e-03
3.366e-03
3.412e-03
3.305e-03
3.187e-03
3.439e-03
3.421e-03
3.376e-03
3.498e-03
3.369e-03
3.118e-03
3.468e-03
3.299e-03
3.551e-03
3.485e-03
3.166e-03
3.324e-03
3.512e-03
3.303e-03
3.177e-03
3.294e-03
3.317e-03
3.346e-03
3.346e-03
3.261e-03
3.402e-03
3.358e-03
3.339e-03
3.418e-03
3.378e-03
3.347e-03
3.316e-03
3.277e-03
3.399e-03
3.209e-03
3.570e-03
3.438e-03
3.215e-03
3.392e-03
3.366e-03
3.279e-03
3.298e-03
3.379e-03
3.237e-03
3.546e-03
3.475e-03
3.330e-03
3.273e-03
3.325e-03
3.330e-03
3.136e-03
3.415e-03
3.192e-03
3.255e-03
3.302e-03
3.400e-03
3.495e-03
3.516e-03
3.337e-03
3.602e-03
3.176e-03
3.353e-03
3.400e-03
3.504e-03
3.369e-03
3.209e-03
3.306e-03
3.548e-03
3.277e-03
3.426e-03
3.332e-03
3.292e-03
3.447e-03
3.209e-03
3.225e-03
3.388e-03
3.351e-03
3.445e-03
3.278e-03
3.435e-03
3.424e-03
3.281e-03
3.441e-03
3.217e-03
3.397e-03
3.267e-03
3.490e-03
3.340e-03
3.375e-03
3.271e-03
3.339e-03
3.523e-03
3.471e-03
3.310e-03
3.482e-03
3.383e-03
3.106e-03
3.271e-03
3.522e-03
3.334e-03
3.248e-03
3.367e-03
3.332e-03
3.492e-03
3.372e-03
3.399e-03
3.290e-03
3.406e-03
3.308e-03
3.588e-03
3.427e-03
3.300e-03
3.482e-03
3.394e-03
3.409e-03
3.416e-03
3.294e-03
3.299e-03
3.432e-03
3.417e-03
3.191e-03
3.398e-03
3.368e-03
3.306e-03
3.536e-03
3.273e-03
3.384e-03
3.196e-03
3.366e-03
3.348e-03
3.188e-03
3.540e-03
3.175e-03
3.521e-03
3.467e-03
3.242e-03
3.226e-03
3.344e-03
3.291e-03
3.224e-03
3.288e-03
3.295e-03
3.203e-03
3.208e-03
3.364e-03
3.297e-03
3.477e-03
3.108e-03
3.326e-03
3.391e-03
3.398e-03
3.200e-03
3.307e-03
3.539e-03
3.383e-03
3.351e-03
3.323e-03
3.251e-03
3.341e-03
3.306e-03
3.374e-03
3.342e-03
3.289e-03
3.389e-03
3.225e-03
3.480e-03
3.318e-03
3.374e-03
3.313e-03
3.233e-03
3.420e-03
3.305e-03
3.380e-03
3.503e-03
3.244e-03
3.251e-03
3.441e-03
3.207e-03
3.206e-03
3.358e-03
3.228e-03
3.435e-03
3.218e-03
3.370e-03
3.336e-03
3.376e-03
3.408e-03
3.388e-03
3.197e-03
3.482e-03
3.247e-03
3.403e-03
3.216e-03
3.224e-03
3.454e-03
3.440e-03
3.255e-03
3.316e-03
3.441e-03
3.363e-03
3.108e-03
3.338e-03
3.332e-03
3.254e-03
3.290e-03
3.459e-03
3.314e-03
3.264e-03
3.465e-03
3.303e-03
3.314e-03
3.446e-03
3.205e-03
3.423e-03
3.387e-03
3.626e-03
3.438e-03
3.498e-03
3.366e-03
3.421e-03
3.167e-03
3.441e-03
3.412e-03
3.257e-03
3.457e-03
3.467e-03
3.219e-03
3.307e-03
3.475e-03
3.373e-03
3.356e-03
3.302e-03
3.328e-03
3.307e-03
3.338e-03
3.388e-03
3.415e-03
3.530e-03
3.367e-03
3.361e-03
3.535e-03
3.542e-03
3.452e-03
3.333e-03
3.205e-03
3.389e-03
3.242e-03
3.311e-03
3.346e-03
3.303e-03
3.483e-03
3.423e-03
3.395e-03
3.300e-03
3.330e-03
3.344e-03
3.306e-03
3.341e-03
3.403e-03
3.361e-03
3.403e-03
3.486e-03
3.263e-03
3.177e-03
3.386e-03
3.387e-03
3.471e-03
3.287e-03
3.300e-03
3.246e-03
3.251e-03
3.461e-03
3.316e-03
3.425e-03
3.255e-03
3.386e-03
3.471e-03
3.310e-03
3.350e-03
3.264e-03
3.316e-03
3.282e-03
3.349e-03
3.301e-03
3.512e-03
3.435e-03
3.333e-03
3.537e-03
3.394e-03
3.412e-03
3.325e-03
3.419e-03
3.451e-03
3.253e-03
3.246e-03
3.262e-03
3.372e-03
3.269e-03
3.291e-03
3.382e-03
3.346e-03
3.431e-03
3.547e-03
3.441e-03
3.435e-03
3.149e-03
3.338e-03
3.396e-03
3.463e-03
3.314e-03
3.372e-03
3.449e-03
3.398e-03
3.434e-03
3.344e-03
3.481e-03
3.514e-03
3.522e-03
3.365e-03
3.153e-03
3.167e-03
3.186e-03
3.275e-03
3.408e-03
3.475e-03
3.513e-03
3.449e-03
3.276e-03
3.113e-03
3.421e-03
3.416e-03
3.361e-03
3.352e-03
2.988e-03
3.397e-03
3.200e-03
3.316e-03
3.289e-03
3.611e-03
3.291e-03
3.458e-03
3.406e-03
3.315e-03
3.421e-03
3.231e-03
3.218e-03
3.366e-03
3.254e-03
3.322e-03
3.524e-03
3.398e-03
3.428e-03
3.367e-03
3.500e-03
3.400e-03
3.136e-03
3.545e-03
3.445e-03
3.406e-03
3.313e-03
3.290e-03
3.235e-03
3.266e-03
3.288e-03
3.331e-03
3.371e-03
3.318e-03
3.261e-03
3.280e-03
3.279e-03
3.344e-03
3.262e-03
3.462e-03
3.479e-03
3.333e-03
3.359e-03
3.437e-03
3.441e-03
3.522e-03
3.336e-03
3.422e-03
3.398e-03
3.430e-03
3.367e-03
3.396e-03
3.320e-03
3.280e-03
3.438e-03
3.353e-03
3.320e-03
3.359e-03
3.312e-03
3.391e-03
3.405e-03
3.342e-03
3.435e-03
3.486e-03
3.534e-03
3.292e-03
3.350e-03
3.262e-03
3.236e-03
3.496e-03
3.319e-03
3.500e-03
3.333e-03
3.461e-03
3.221e-03
3.462e-03
3.284e-03
3.411e-03
3.328e-03
3.456e-03
3.372e-03
3.276e-03
3.408e-03
3.298e-03
3.305e-03
3.491e-03
3.411e-03
3.382e-03
3.446e-03
3.219e-03
3.417e-03
3.523e-03
3.445e-03
3.420e-03
3.179e-03
3.406e-03
3.385e-03
3.228e-03
3.449e-03
3.368e-03
3.327e-03
3.422e-03
3.447e-03
3.333e-03
3.369e-03
3.385e-03
3.210e-03
3.426e-03
3.159e-03
3.506e-03
3.219e-03
3.322e-03
3.494e-03
3.283e-03
3.202e-03
3.215e-03
3.414e-03
3.500e-03
3.409e-03
3.538e-03
3.237e-03
3.240e-03
3.345e-03
3.399e-03
3.173e-03
3.128e-03
3.372e-03
3.334e-03
3.339e-03
3.266e-03
3.315e-03
3.303e-03
3.355e-03
3.157e-03
3.411e-03
3.389e-03
3.304e-03
3.417e-03
3.562e-03
3.440e-03
3.454e-03
3.449e-03
3.322e-03
3.428e-03
3.382e-03
3.381e-03
3.374e-03
3.310e-03
3.357e-03
3.470e-03
3.418e-03
3.353e-03
3.363e-03
3.285e-03
3.378e-03
3.380e-03
3.417e-03
3.337e-03
3.379e-03
3.252e-03
3.392e-03
3.452e-03
3.263e-03
3.393e-03
3.497e-03
3.312e-03
3.218e-03
3.374e-03
3.445e-03
3.404e-03
3.497e-03
3.440e-03
3.584e-03
3.453e-03
3.264e-03
3.521e-03
3.230e-03
3.345e-03
3.450e-03
3.313e-03
3.175e-03
3.320e-03
3.296e-03
3.393e-03
3.374e-03
3.214e-03
3.136e-03
3.337e-03
3.253e-03
3.352e-03
3.227e-03
3.403e-03
3.369e-03
3.319e-03
3.465e-03
3.226e-03
3.236e-03
3.373e-03
3.334e-03
3.387e-03
3.402e-03
3.310e-03
3.226e-03
3.423e-03
3.404e-03
3.403e-03
3.313e-03
3.446e-03
3.320e-03
3.407e-03
3.343e-03
3.422e-03
3.450e-03
3.296e-03
3.444e-03
3.501e-03
3.389e-03
3.350e-03
3.270e-03
3.484e-03
3.459e-03
3.341e-03
3.462e-03
3.370e-03
3.238e-03
3.314e-03
3.363e-03
3.333e-03
3.436e-03
3.391e-03
3.316e-03
3.275e-03
3.262e-03
3.302e-03
3.313e-03
3.285e-03
3.389e-03
3.247e-03
3.510e-03
3.306e-03
3.304e-03
3.318e-03
3.287e-03
3.217e-03
3.437e-03
3.441e-03
3.426e-03
3.387e-03
3.196e-03
3.183e-03
3.336e-03
3.244e-03
3.381e-03
3.382e-03
3.131e-03
3.282e-03
3.210e-03
3.319e-03
3.257e-03
3.432e-03
3.300e-03
3.357e-03
3.276e-03
3.287e-03
3.343e-03
3.320e-03
3.372e-03
3.320e-03
3.448e-03
3.447e-03
3.443e-03
3.323e-03
3.530e-03
3.316e-03
3.380e-03
3.415e-03
3.407e-03
3.589e-03
3.466e-03
3.449e-03
3.359e-03
3.200e-03
3.256e-03
3.206e-03
3.227e-03
3.232e-03
3.347e-03
3.376e-03
3.366e-03
3.403e-03
3.306e-03
3.195e-03
3.415e-03
3.345e-03
3.381e-03
3.342e-03
3.206e-03
3.466e-03
3.330e-03
3.308e-03
3.358e-03
3.286e-03
3.337e-03
3.310e-03
3.408e-03
3.388e-03
3.296e-03
3.440e-03
3.357e-03
3.311e-03
3.552e-03
3.423e-03
3.452e-03
3.221e-03
3.384e-03
3.291e-03
3.286e-03
3.326e-03
3.403e-03
3.377e-03
3.499e-03
3.434e-03
3.344e-03
3.347e-03
3.343e-03
3.224e-03
3.383e-03
3.266e-03
3.178e-03
3.239e-03
3.326e-03
3.355e-03
3.247e-03
3.267e-03
3.390e-03
3.309e-03
3.321e-03
3.332e-03
3.380e-03
3.339e-03
3.363e-03
3.335e-03
3.350e-03
3.471e-03
3.237e-03
3.422e-03
3.539e-03
3.435e-03
3.557e-03
3.459e-03
3.310e-03
3.381e-03
3.424e-03
3.106e-03
3.369e-03
3.371e-03
3.325e-03
3.114e-03
3.295e-03
3.458e-03
3.351e-03
3.413e-03
3.425e-03
3.383e-03
3.278e-03
3.121e-03
3.537e-03
3.341e-03
3.424e-03
3.176e-03
3.391e-03
3.400e-03
3.461e-03
3.395e-03
3.235e-03
3.171e-03
3.252e-03
3.413e-03
3.444e-03
3.395e-03
3.262e-03
3.551e-03
3.240e-03
3.263e-03
3.407e-03
3.394e-03
3.241e-03
3.509e-03
3.367e-03
3.212e-03
3.257e-03
3.199e-03
3.405e-03
3.292e-03
3.182e-03
3.338e-03
3.369e-03
3.435e-03
3.358e-03
3.559e-03
3.500e-03
3.529e-03
3.468e-03
3.215e-03
3.367e-03
3.307e-03
3.304e-03
3.471e-03
3.408e-03
3.342e-03
3.612e-03
3.424e-03
3.272e-03
3.524e-03
3.399e-03
3.519e-03
3.386e-03
3.321e-03
3.513e-03
3.428e-03
3.323e-03
3.485e-03
3.341e-03
3.281e-03
3.266e-03
3.316e-03
3.334e-03
3.411e-03
3.439e-03
3.251e-03
3.320e-03
3.319e-03
3.452e-03
3.263e-03
3.237e-03
3.292e-03
3.361e-03
3.433e-03
3.478e-03
3.249e-03
3.195e-03
3.450e-03
3.337e-03
3.462e-03
3.299e-03
3.449e-03
3.353e-03
3.379e-03
3.327e-03
3.439e-03
3.319e-03
3.315e-03
3.325e-03
3.508e-03
3.295e-03
3.443e-03
3.364e-03
3.456e-03
3.389e-03
3.465e-03
3.459e-03
3.366e-03
3.305e-03
3.235e-03
3.235e-03
3.470e-03
3.304e-03
3.568e-03
3.387e-03
3.272e-03
3.335e-03
3.537e-03
3.384e-03
3.213e-03
3.390e-03
3.361e-03
3.319e-03
3.450e-03
3.463e-03
3.371e-03
3.379e-03
3.197e-03
3.380e-03
3.352e-03
3.318e-03
3.358e-03
3.512e-03
3.316e-03
3.272e-03
3.288e-03
3.317e-03
3.366e-03
3.301e-03
3.402e-03
3.366e-03
3.342e-03
3.349e-03
3.145e-03
3.298e-03
3.402e-03
3.357e-03
3.386e-03
3.301e-03
3.309e-03
3.430e-03
3.367e-03
3.506e-03
3.209e-03
3.276e-03
3.413e-03
3.395e-03
3.395e-03
3.408e-03
3.320e-03
3.426e-03
3.408e-03
3.095e-03
3.269e-03
3.257e-03
3.452e-03
3.351e-03
3.358e-03
3.287e-03
3.291e-03
3.481e-03
3.348e-03
3.263e-03
3.216e-03
3.443e-03
3.364e-03
3.510e-03
3.059e-03
3.126e-03
3.286e-03
3.336e-03
3.267e-03
3.443e-03
3.457e-03
3.344e-03
3.198e-03
3.385e-03
3.438e-03
3.395e-03
3.351e-03
3.331e-03
3.313e-03
3.392e-03
3.375e-03
3.216e-03
3.214e-03
3.390e-03
3.431e-03
3.314e-03
3.207e-03
3.489e-03
3.384e-03
3.287e-03
3.496e-03
3.376e-03
3.282e-03
3.318e-03
3.457e-03
3.285e-03
3.450e-03
3.343e-03
3.330e-03
3.574e-03
3.213e-03
3.269e-03
3.377e-03
3.338e-03
3.396e-03
3.310e-03
3.298e-03
3.312e-03
3.305e-03
3.297e-03
3.463e-03
3.434e-03
3.354e-03
3.496e-03
3.366e-03
3.282e-03
3.560e-03
3.513e-03
3.412e-03
3.261e-03
3.305e-03
3.427e-03
3.288e-03
3.401e-03
3.222e-03
3.257e-03
3.280e-03
3.357e-03
3.275e-03
3.421e-03
3.513e-03
3.445e-03
3.418e-03
3.299e-03
3.293e-03
3.447e-03
3.319e-03
3.431e-03
