3.469e-03
3.691e-03
3.643e-03
3.504e-03
3.682e-03
3.585e-03
3.661e-03
3.559e-03
3.568e-03
3.646e-03
3.441e-03
3.584e-03
3.708e-03
3.674e-03
3.576e-03
3.627e-03
3.543e-03
3.420e-03
3.547e-03
3.479e-03
3.554e-03
3.597e-03
3.722e-03
3.509e-03
3.691e-03
3.537e-03
3.690e-03
3.614e-03
3.535e-03
3.524e-03
3.552e-03
3.556e-03
3.627e-03
3.566e-03
3.671e-03
3.474e-03
3.550e-03
3.634e-03
3.830e-03
3.505e-03
3.464e-03
3.583e-03
3.547e-03
3.619e-03
3.705e-03
3.651e-03
3.592e-03
3.545e-03
3.436e-03
3.573e-03
3.706e-03
3.643e-03
3.646e-03
3.453e-03
3.637e-03
3.523e-03
3.576e-03
3.406e-03
3.467e-03
3.698e-03
3.557e-03
3.649e-03
3.528e-03
3.485e-03
3.285e-03
3.671e-03
3.540e-03
3.687e-03
3.723e-03
3.618e-03
3.497e-03
3.611e-03
3.633e-03
3.515e-03
3.734e-03
3.648e-03
3.597e-03
3.736e-03
3.426e-03
3.554e-03
3.711e-03
3.539e-03
3.591e-03
3.764e-03
3.726e-03
3.464e-03
3.447e-03
3.571e-03
3.691e-03
3.591e-03
3.503e-03
3.577e-03
3.476e-03
3.631e-03
3.582e-03
3.495e-03
3.724e-03
3.641e-03
3.480e-03
3.530e-03
3.592e-03
3.698e-03
3.624e-03
3.659e-03
3.460e-03
3.608e-03
3.743e-03
3.528e-03
3.685e-03
3.578e-03
3.614e-03
3.565e-03
3.535e-03
3.658e-03
3.481e-03
3.733e-03
3.714e-03
3.341e-03
3.413e-03
3.569e-03
3.360e-03
3.437e-03
3.623e-03
3.597e-03
3.520e-03
3.661e-03
3.625e-03
3.759e-03
3.559e-03
3.476e-03
3.603e-03
3.764e-03
3.338e-03
3.546e-03
3.760e-03
3.598e-03
3.439e-03
3.592e-03
3.584e-03
3.495e-03
3.628e-03
3.542e-03
3.761e-03
3.562e-03
3.543e-03
3.701e-03
3.587e-03
3.646e-03
3.554e-03
3.515e-03
3.586e-03
3.649e-03
3.689e-03
3.671e-03
3.771e-03
3.778e-03
3.431e-03
3.449e-03
3.561e-03
3.797e-03
3.572e-03
3.517e-03
3.690e-03
3.652e-03
3.693e-03
3.372e-03
3.684e-03
3.694e-03
3.401e-03
3.476e-03
3.424e-03
3.559e-03
3.376e-03
3.646e-03
3.574e-03
3.478e-03
3.479e-03
3.608e-03
3.529e-03
3.616e-03
3.581e-03
3.745e-03
3.361e-03
3.666e-03
3.770e-03
3.555e-03
3.601e-03
3.450e-03
3.569e-03
3.452e-03
3.636e-03
3.483e-03
3.537e-03
3.568e-03
3.648e-03
3.718e-03
3.617e-03
3.467e-03
3.682e-03
3.613e-03
3.518e-03
3.574e-03
3.588e-03
3.766e-03
3.679e-03
3.524e-03
3.587e-03
3.544e-03
3.625e-03
3.689e-03
3.652e-03
3.603e-03
3.585e-03
3.506e-03
3.635e-03
3.588e-03
3.470e-03
3.488e-03
3.548e-03
3.555e-03
3.574e-03
3.689e-03
3.672e-03
3.673e-03
3.606e-03
3.401e-03
3.564e-03
3.473e-03
3.595e-03
3.536e-03
3.724e-03
3.615e-03
3.616e-03
3.560e-03
3.631e-03
3.640e-03
3.348e-03
3.822e-03
3.407e-03
3.564e-03
3.611e-03
3.540e-03
3.712e-03
3.444e-03
3.757e-03
3.788e-03
3.702e-03
3.578e-03
3.497e-03
3.446e-03
3.755e-03
3.609e-03
3.664e-03
3.547e-03
3.758e-03
3.574e-03
3.610e-03
3.760e-03
3.575e-03
3.563e-03
3.684e-03
3.566e-03
3.535e-03
3.688e-03
3.547e-03
3.590e-03
3.606e-03
3.450e-03
3.464e-03
3.575e-03
3.598e-03
3.675e-03
3.649e-03
3.631e-03
3.565e-03
3.558e-03
3.514e-03
3.736e-03
3.658e-03
3.698e-03
3.502e-03
3.702e-03
3.791e-03
3.751e-03
3.661e-03
3.587e-03
3.653e-03
3.614e-03
3.585e-03
3.730e-03
3.626e-03
3.559e-03
3.710e-03
3.439e-03
3.599e-03
3.631e-03
3.799e-03
3.487e-03
3.614e-03
3.631e-03
3.393e-03
3.630e-03
3.719e-03
3.625e-03
3.611e-03
3.781e-03
3.589e-03
3.558e-03
3.494e-03
3.635e-03
3.667e-03
3.512e-03
3.680e-03
3.499e-03
3.642e-03
3.609e-03
3.716e-03
3.483e-03
3.696e-03
3.506e-03
3.656e-03
3.661e-03
3.531e-03
3.703e-03
3.389e-03
3.624e-03
3.684e-03
3.618e-03
3.615e-03
3.588e-03
3.640e-03
3.594e-03
3.689e-03
3.705e-03
3.613e-03
3.433e-03
3.497e-03
3.597e-03
3.654e-03
3.642e-03
3.483e-03
3.682e-03
3.336e-03
3.574e-03
3.807e-03
3.538e-03
3.512e-03
3.829e-03
3.476e-03
3.582e-03
3.557e-03
3.753e-03
3.482e-03
3.553e-03
3.519e-03
3.467e-03
3.534e-03
3.643e-03
3.637e-03
3.608e-03
3.696e-03
3.506e-03
3.599e-03
3.567e-03
3.472e-03
3.446e-03
3.545e-03
3.587e-03
3.753e-03
3.554e-03
3.663e-03
3.454e-03
3.787e-03
3.633e-03
3.522e-03
3.369e-03
3.427e-03
3.549e-03
3.515e-03
3.357e-03
3.670e-03
3.367e-03
3.666e-03
3.656e-03
3.561e-03
3.495e-03
3.574e-03
3.473e-03
3.539e-03
3.631e-03
3.727e-03
3.539e-03
3.524e-03
3.624e-03
3.487e-03
3.577e-03
3.698e-03
3.793e-03
3.571e-03
3.585e-03
3.549e-03
3.465e-03
3.688e-03
3.614e-03
3.610e-03
3.548e-03
3.483e-03
3.638e-03
3.413e-03
3.526e-03
3.409e-03
3.626e-03
3.457e-03
3.551e-03
3.613e-03
3.338e-03
3.667e-03
3.385e-03
3.515e-03
3.879e-03
3.611e-03
3.717e-03
3.615e-03
3.642e-03
3.568e-03
3.644e-03
3.719e-03
3.657e-03
3.591e-03
3.637e-03
3.660e-03
3.589e-03
3.574e-03
3.492e-03
3.649e-03
3.653e-03
3.828e-03
3.618e-03
3.608e-03
3.690e-03
3.758e-03
3.429e-03
3.585e-03
3.518e-03
3.234e-03
3.721e-03
3.691e-03
3.755e-03
3.694e-03
3.469e-03
3.494e-03
3.470e-03
3.712e-03
3.490e-03
3.622e-03
3.604e-03
3.523e-03
3.568e-03
3.514e-03
3.614e-03
3.481e-03
3.591e-03
3.625e-03
3.421e-03
3.644e-03
3.697e-03
3.527e-03
3.660e-03
3.664e-03
3.627e-03
3.690e-03
3.721e-03
3.630e-03
3.690e-03
3.271e-03
3.514e-03
3.619e-03
3.556e-03
3.743e-03
3.509e-03
3.633e-03
3.512e-03
3.594e-03
3.755e-03
3.622e-03
3.570e-03
3.575e-03
3.575e-03
3.614e-03
3.548e-03
3.612e-03
3.482e-03
3.429e-03
3.543e-03
3.432e-03
3.621e-03
3.482e-03
3.625e-03
3.496e-03
3.466e-03
3.612e-03
3.569e-03
3.750e-03
3.708e-03
3.413e-03
3.317e-03
3.392e-03
3.524e-03
3.534e-03
3.774e-03
3.580e-03
3.608e-03
3.625e-03
3.597e-03
3.628e-03
3.618e-03
3.660e-03
3.496e-03
3.505e-03
3.393e-03
3.550e-03
3.626e-03
3.540e-03
3.564e-03
3.381e-03
3.763e-03
3.604e-03
3.630e-03
3.615e-03
3.432e-03
3.644e-03
3.486e-03
3.586e-03
3.623e-03
3.419e-03
3.511e-03
3.631e-03
3.592e-03
3.745e-03
3.552e-03
3.528e-03
3.614e-03
3.559e-03
3.661e-03
3.647e-03
3.432e-03
3.592e-03
3.651e-03
3.440e-03
3.491e-03
3.672e-03
3.653e-03
3.443e-03
3.470e-03
3.441e-03
3.425e-03
3.695e-03
3.716e-03
3.595e-03
3.707e-03
3.512e-03
3.750e-03
3.561e-03
3.731e-03
3.654e-03
3.664e-03
3.491e-03
3.712e-03
3.566e-03
3.454e-03
3.664e-03
3.726e-03
3.629e-03
3.636e-03
3.621e-03
3.558e-03
3.685e-03
3.620e-03
3.731e-03
3.529e-03
3.630e-03
3.616e-03
3.701e-03
3.728e-03
3.552e-03
3.664e-03
3.436e-03
3.575e-03
3.593e-03
3.708e-03
3.682e-03
3.770e-03
3.612e-03
3.583e-03
3.606e-03
3.632e-03
3.737e-03
3.569e-03
3.612e-03
3.556e-03
3.412e-03
3.631e-03
3.537e-03
3.623e-03
3.520e-03
3.503e-03
3.492e-03
3.426e-03
3.580e-03
3.566e-03
3.525e-03
3.572e-03
3.596e-03
3.728e-03
3.617e-03
3.537e-03
3.590e-03
3.467e-03
3.514e-03
3.715e-03
3.634e-03
3.646e-03
3.378e-03
3.547e-03
3.578e-03
3.524e-03
3.556e-03
3.703e-03
3.515e-03
3.652e-03
3.527e-03
3.720e-03
3.596e-03
3.648e-03
3.706e-03
3.472e-03
3.418e-03
3.522e-03
3.500e-03
3.511e-03
3.642e-03
3.631e-03
3.664e-03
3.652e-03
3.622e-03
3.443e-03
3.407e-03
3.561e-03
3.534e-03
3.649e-03
3.528e-03
3.530e-03
3.393e-03
3.637e-03
3.542e-03
3.636e-03
3.693e-03
3.598e-03
3.670e-03
3.521e-03
3.575e-03
3.487e-03
3.737e-03
3.581e-03
3.626e-03
3.581e-03
3.580e-03
3.468e-03
3.521e-03
3.658e-03
3.610e-03
3.843e-03
3.685e-03
3.583e-03
3.560e-03
3.619e-03
3.611e-03
3.526e-03
3.585e-03
3.578e-03
3.732e-03
3.727e-03
3.353e-03
3.653e-03
3.466e-03
3.666e-03
3.490e-03
3.646e-03
3.555e-03
3.576e-03
3.589e-03
3.526e-03
3.440e-03
3.391e-03
3.703e-03
3.588e-03
3.569e-03
3.421e-03
3.618e-03
3.461e-03
3.409e-03
3.627e-03
3.575e-03
3.696e-03
3.668e-03
3.812e-03
3.519e-03
3.701e-03
3.567e-03
3.548e-03
3.685e-03
3.588e-03
3.567e-03
3.641e-03
3.433e-03
3.678e-03
3.567e-03
3.580e-03
3.548e-03
3.509e-03
3.633e-03
3.487e-03
3.442e-03
3.649e-03
3.517e-03
3.714e-03
3.626e-03
3.629e-03
3.684e-03
3.692e-03
3.652e-03
3.599e-03
3.471e-03
3.562e-03
3.602e-03
3.565e-03
3.562e-03
3.592e-03
3.785e-03
3.482e-03
3.670e-03
3.577e-03
3.355e-03
3.476e-03
3.402e-03
3.632e-03
3.746e-03
3.697e-03
3.623e-03
3.580e-03
3.621e-03
3.743e-03
3.467e-03
3.641e-03
3.678e-03
3.689e-03
3.625e-03
3.501e-03
3.537e-03
3.591e-03
3.732e-03
3.682e-03
3.348e-03
3.411e-03
3.396e-03
3.769e-03
3.620e-03
3.471e-03
3.518e-03
3.555e-03
3.525e-03
3.541e-03
3.568e-03
3.646e-03
3.737e-03
3.382e-03
3.498e-03
3.544e-03
3.785e-03
3.380e-03
3.556e-03
3.647e-03
3.577e-03
3.711e-03
3.639e-03
3.505e-03
3.577e-03
3.728e-03
3.535e-03
3.429e-03
3.812e-03
3.545e-03
3.582e-03
3.721e-03
3.390e-03
3.652e-03
3.632e-03
3.605e-03
3.678e-03
3.701e-03
3.615e-03
3.848e-03
3.533e-03
3.555e-03
3.630e-03
3.645e-03
3.459e-03
3.630e-03
3.382e-03
3.653e-03
3.681e-03
3.443e-03
3.686e-03
3.546e-03
3.598e-03
3.506e-03
3.598e-03
3.713e-03
3.328e-03
3.412e-03
3.648e-03
3.549e-03
3.447e-03
3.647e-03
3.541e-03
3.551e-03
3.665e-03
3.743e-03
3.577e-03
3.480e-03
3.553e-03
3.636e-03
3.698e-03
3.420e-03
3.525e-03
3.528e-03
3.413e-03
3.615e-03
3.562e-03
3.526e-03
3.675e-03
3.605e-03
3.393e-03
3.608e-03
3.663e-03
3.609e-03
3.665e-03
3.603e-03
3.736e-03
3.562e-03
3.513e-03
3.609e-03
3.487e-03
3.456e-03
3.575e-03
3.659e-03
3.565e-03
3.775e-03
3.458e-03
3.391e-03
3.578e-03
3.565e-03
3.502e-03
3.592e-03
3.442e-03
3.800e-03
3.388e-03
3.710e-03
3.648e-03
3.805e-03
3.680e-03
3.618e-03
3.547e-03
3.408e-03
3.637e-03
3.607e-03
3.614e-03
3.676e-03
3.586e-03
3.615e-03
3.651e-03
3.649e-03
3.498e-03
3.626e-03
3.505e-03
3.492e-03
3.806e-03
3.693e-03
3.690e-03
3.691e-03
3.687e-03
3.516e-03
3.660e-03
3.529e-03
3.551e-03
3.650e-03
3.570e-03
3.435e-03
3.519e-03
3.666e-03
3.505e-03
3.544e-03
3.529e-03
3.636e-03
3.470e-03
3.579e-03
3.496e-03
3.324e-03
3.491e-03
3.719e-03
3.699e-03
3.506e-03
3.518e-03
3.379e-03
3.549e-03
3.706e-03
3.457e-03
3.540e-03
3.524e-03
3.615e-03
3.470e-03
3.570e-03
3.473e-03
3.607e-03
3.626e-03
3.556e-03
3.680e-03
3.541e-03
3.485e-03
3.578e-03
3.721e-03
3.486e-03
3.395e-03
3.349e-03
3.747e-03
3.644e-03
3.611e-03
3.614e-03
3.671e-03
3.659e-03
3.677e-03
3.556e-03
3.655e-03
3.519e-03
3.748e-03
3.593e-03
3.599e-03
3.571e-03
3.475e-03
3.535e-03
3.669e-03
3.589e-03
3.698e-03
3.580e-03
3.478e-03
3.372e-03
3.575e-03
3.504e-03
3.699e-03
3.463e-03
3.663e-03
3.369e-03
3.470e-03
3.575e-03
3.741e-03
3.609e-03
3.580e-03
3.537e-03
3.632e-03
3.444e-03
3.454e-03
3.657e-03
3.522e-03
3.713e-03
3.514e-03
3.681e-03
3.573e-03
3.613e-03
3.654e-03
3.717e-03
3.595e-03
3.540e-03
3.604e-03
3.650e-03
3.468e-03
3.564e-03
3.433e-03
3.606e-03
3.662e-03
3.554e-03
3.635e-03
3.615e-03
3.615e-03
3.578e-03
3.660e-03
3.598e-03
3.689e-03
3.627e-03
3.746e-03
3.541e-03
3.596e-03
3.735e-03
3.612e-03
3.733e-03
3.468e-03
3.551e-03
3.546e-03
3.601e-03
3.837e-03
3.397e-03
3.488e-03
3.475e-03
3.747e-03
3.595e-03
3.477e-03
3.573e-03
3.719e-03
3.373e-03
3.601e-03
3.661e-03
3.479e-03
3.501e-03
3.661e-03
3.588e-03
3.386e-03
3.510e-03
3.578e-03
3.549e-03
3.591e-03
3.672e-03
3.551e-03
3.411e-03
3.599e-03
3.558e-03
3.665e-03
3.706e-03
3.717e-03
3.591e-03
3.723e-03
3.579e-03
3.582e-03
3.698e-03
3.685e-03
3.534e-03
3.626e-03
3.723e-03
3.582e-03
3.443e-03
3.499e-03
3.774e-03
3.425e-03
3.615e-03
3.692e-03
3.610e-03
3.348e-03
3.630e-03
3.547e-03
3.543e-03
3.387e-03
3.739e-03
3.684e-03
3.708e-03
3.513e-03
3.532e-03
3.678e-03
3.481e-03
3.645e-03
3.515e-03
3.460e-03
3.518e-03
3.449e-03
3.575e-03
3.640e-03
3.514e-03
3.517e-03
3.578e-03
3.474e-03
3.668e-03
3.706e-03
3.427e-03
3.435e-03
3.616e-03
3.642e-03
3.533e-03
3.566e-03
3.588e-03
3.710e-03
3.554e-03
3.491e-03
3.587e-03
3.827e-03
3.488e-03
3.747e-03
3.589e-03
3.556e-03
3.475e-03
3.667e-03
3.843e-03
3.490e-03
3.575e-03
3.527e-03
3.660e-03
3.516e-03
3.668e-03
3.600e-03
3.607e-03
3.413e-03
3.664e-03
3.662e-03
3.506e-03
3.713e-03
3.442e-03
3.660e-03
3.532e-03
3.629e-03
3.636e-03
3.281e-03
3.544e-03
3.679e-03
3.763e-03
3.444e-03
3.615e-03
3.506e-03
3.605e-03
3.636e-03
3.430e-03
3.518e-03
3.653e-03
3.636e-03
3.629e-03
3.476e-03
3.580e-03
3.435e-03
3.470e-03
3.569e-03
3.649e-03
3.458e-03
3.590e-03
3.350e-03
3.534e-03
3.536e-03
3.521e-03
3.523e-03
3.343e-03
3.645e-03
3.273e-03
3.676e-03
3.584e-03
3.437e-03
3.570e-03
3.567e-03
3.683e-03
3.504e-03
3.606e-03
3.380e-03
3.677e-03
3.611e-03
3.451e-03
3.711e-03
3.488e-03
3.469e-03
3.660e-03
3.652e-03
3.625e-03
3.652e-03
3.710e-03
3.413e-03
3.546e-03
3.492e-03
3.556e-03
3.635e-03
3.625e-03
3.600e-03
3.723e-03
3.782e-03
3.617e-03
3.577e-03
3.466e-03
3.597e-03
3.576e-03
3.612e-03
3.627e-03
3.500e-03
3.474e-03
3.523e-03
3.539e-03
3.588e-03
3.509e-03
3.775e-03
3.452e-03
3.638e-03
3.579e-03
3.501e-03
3.677e-03
3.426e-03
3.697e-03
3.544e-03
3.600e-03
3.548e-03
3.710e-03
3.647e-03
3.687e-03
3.496e-03
3.528e-03
3.629e-03
3.563e-03
3.486e-03
3.675e-03
3.454e-03
3.621e-03
3.637e-03
3.770e-03
3.563e-03
3.624e-03
3.561e-03
3.641e-03
3.382e-03
3.542e-03
3.635e-03
3.541e-03
3.663e-03
3.607e-03
3.706e-03
3.711e-03
3.662e-03
3.709e-03
3.560e-03
3.650e-03
3.704e-03
3.639e-03
3.670e-03
3.682e-03
3.466e-03
3.680e-03
3.458e-03
3.594e-03
3.591e-03
3.532e-03
3.519e-03
3.551e-03
3.600e-03
3.659e-03
3.488e-03
3.689e-03
3.622e-03
3.626e-03
3.571e-03
3.570e-03
3.681e-03
3.426e-03
3.555e-03
3.522e-03
3.515e-03
3.569e-03
3.705e-03
3.535e-03
3.548e-03
3.641e-03
3.562e-03
3.652e-03
3.699e-03
3.522e-03
3.591e-03
3.496e-03
3.658e-03
3.732e-03
3.468e-03
3.664e-03
3.641e-03
3.598e-03
3.525e-03
3.690e-03
3.793e-03
3.684e-03
3.645e-03
3.699e-03
3.806e-03
3.505e-03
3.670e-03
3.663e-03
3.560e-03
3.453e-03
3.553e-03
3.660e-03
3.527e-03
3.666e-03
3.626e-03
3.555e-03
3.539e-03
3.503e-03
3.549e-03
3.704e-03
3.626e-03
3.536e-03
3.608e-03
3.526e-03
3.427e-03
3.630e-03
3.463e-03
3.486e-03
3.552e-03
3.509e-03
3.598e-03
3.456e-03
3.588e-03
3.681e-03
3.405e-03
3.655e-03
3.773e-03
3.643e-03
3.529e-03
3.617e-03
3.515e-03
3.625e-03
3.677e-03
3.624e-03
3.539e-03
3.475e-03
3.595e-03
3.599e-03
3.464e-03
3.500e-03
3.638e-03
3.515e-03
3.583e-03
3.525e-03
3.728e-03
3.641e-03
3.460e-03
3.550e-03
3.492e-03
3.536e-03
3.568e-03
3.483e-03
3.628e-03
3.387e-03
3.529e-03
3.671e-03
3.559e-03
3.692e-03
3.621e-03
3.552e-03
3.494e-03
3.615e-03
3.421e-03
3.532e-03
3.688e-03
3.472e-03
3.575e-03
3.405e-03
3.572e-03
3.603e-03
3.463e-03
3.487e-03
3.535e-03
3.406e-03
3.463e-03
3.643e-03
3.452e-03
3.738e-03
3.404e-03
3.403e-03
3.453e-03
3.787e-03
3.518e-03
3.486e-03
3.550e-03
3.576e-03
3.453e-03
3.796e-03
3.668e-03
3.608e-03
3.711e-03
3.283e-03
3.612e-03
3.722e-03
3.664e-03
3.540e-03
3.511e-03
3.649e-03
3.878e-03
3.604e-03
3.663e-03
3.581e-03
3.615e-03
3.670e-03
3.604e-03
3.702e-03
3.437e-03
3.622e-03
3.565e-03
3.655e-03
3.518e-03
3.598e-03
3.457e-03
3.610e-03
3.638e-03
3.676e-03
3.563e-03
3.667e-03
3.573e-03
3.546e-03
3.568e-03
3.614e-03
3.782e-03
3.488e-03
3.599e-03
3.643e-03
3.617e-03
3.680e-03
3.520e-03
3.685e-03
3.423e-03
3.725e-03
3.466e-03
3.621e-03
3.656e-03
3.529e-03
3.693e-03
3.480e-03
3.609e-03
3.627e-03
3.575e-03
3.635e-03
3.591e-03
3.597e-03
3.574e-03
3.626e-03
3.578e-03
3.613e-03
3.616e-03
3.471e-03
3.554e-03
3.686e-03
3.520e-03
3.558e-03
3.654e-03
3.753e-03
3.462e-03
3.658e-03
3.592e-03
3.463e-03
3.693e-03
3.667e-03
3.605e-03
3.604e-03
3.666e-03
3.456e-03
3.787e-03
3.681e-03
3.532e-03
3.305e-03
3.615e-03
3.549e-03
3.768e-03
3.569e-03
3.705e-03
3.660e-03
3.674e-03
3.651e-03
3.599e-03
3.693e-03
3.644e-03
3.619e-03
3.689e-03
3.301e-03
3.713e-03
3.688e-03
3.636e-03
3.629e-03
3.617e-03
3.694e-03
3.527e-03
3.645e-03
3.510e-03
3.553e-03
3.608e-03
3.638e-03
3.447e-03
3.627e-03
3.570e-03
3.604e-03
3.724e-03
3.599e-03
3.562e-03
3.654e-03
3.634e-03
3.807e-03
3.610e-03
3.654e-03
3.489e-03
3.510e-03
3.616e-03
3.530e-03
3.518e-03
3.449e-03
3.653e-03
3.627e-03
3.614e-03
3.450e-03
3.544e-03
3.423e-03
3.487e-03
3.754e-03
3.602e-03
3.524e-03
3.628e-03
3.632e-03
3.546e-03
3.664e-03
3.685e-03
3.637e-03
3.451e-03
3.762e-03
3.679e-03
3.678e-03
3.631e-03
3.546e-03
3.634e-03
3.631e-03
3.575e-03
3.573e-03
3.292e-03
3.500e-03
3.619e-03
3.468e-03
3.680e-03
3.721e-03
3.636e-03
3.524e-03
3.347e-03
3.627e-03
3.678e-03
3.494e-03
3.619e-03
3.584e-03
3.722e-03
3.660e-03
3.616e-03
3.300e-03
3.557e-03
3.590e-03
3.552e-03
3.738e-03
3.344e-03
3.605e-03
3.562e-03
3.782e-03
3.499e-03
3.457e-03
3.634e-03
3.654e-03
3.568e-03
3.639e-03
3.547e-03
3.549e-03
3.674e-03
3.401e-03
3.511e-03
3.529e-03
3.558e-03
3.713e-03
3.616e-03
3.536e-03
3.597e-03
3.735e-03
3.693e-03
3.677e-03
3.588e-03
3.607e-03
3.541e-03
3.665e-03
3.518e-03
3.592e-03
3.607e-03
3.641e-03
3.519e-03
3.515e-03
3.700e-03
3.617e-03
3.739e-03
3.631e-03
3.460e-03
3.338e-03
3.536e-03
3.572e-03
3.597e-03
3.497e-03
3.526e-03
3.525e-03
3.686e-03
3.586e-03
3.609e-03
3.609e-03
3.546e-03
3.624e-03
3.532e-03
3.548e-03
3.674e-03
3.592e-03
3.448e-03
3.602e-03
3.632e-03
3.635e-03
3.540e-03
3.698e-03
3.534e-03
3.671e-03
3.445e-03
3.534e-03
3.636e-03
3.637e-03
3.558e-03
3.720e-03
3.561e-03
3.633e-03
3.480e-03
3.466e-03
3.462e-03
3.722e-03
3.475e-03
3.632e-03
3.544e-03
3.623e-03
3.482e-03
3.571e-03
3.648e-03
3.557e-03
3.693e-03
3.544e-03
3.558e-03
3.622e-03
3.595e-03
3.467e-03
3.544e-03
3.569e-03
3.717e-03
3.746e-03
3.654e-03
3.637e-03
3.535e-03
3.473e-03
3.659e-03
3.570e-03
3.663e-03
3.579e-03
3.604e-03
3.643e-03
3.640e-03
3.447e-03
3.674e-03
3.582e-03
3.644e-03
3.532e-03
3.700e-03
3.537e-03
3.443e-03
3.781e-03
3.519e-03
3.473e-03
3.780e-03
3.644e-03
3.615e-03
3.596e-03
3.669e-03
3.720e-03
3.538e-03
3.568e-03
3.593e-03
3.535e-03
3.499e-03
3.455e-03
3.571e-03
3.492e-03
3.686e-03
3.369e-03
3.751e-03
3.541e-03
3.657e-03
3.617e-03
3.710e-03
3.521e-03
3.667e-03
3.639e-03
3.526e-03
3.647e-03
3.717e-03
3.676e-03
3.522e-03
3.496e-03
3.566e-03
3.559e-03
3.560e-03
3.560e-03
3.641e-03
3.576e-03
3.644e-03
3.639e-03
3.678e-03
3.610e-03
3.610e-03
3.596e-03
3.704e-03
3.579e-03
3.659e-03
3.606e-03
3.449e-03
3.448e-03
3.574e-03
3.688e-03
3.331e-03
3.708e-03
3.564e-03
3.723e-03
3.435e-03
3.612e-03
3.522e-03
3.569e-03
3.717e-03
3.673e-03
3.451e-03
3.652e-03
3.636e-03
3.682e-03
3.624e-03
3.542e-03
3.758e-03
3.579e-03
3.434e-03
3.725e-03
3.693e-03
3.571e-03
3.520e-03
3.353e-03
3.520e-03
3.458e-03
3.547e-03
3.782e-03
3.613e-03
3.580e-03
3.409e-03
3.590e-03
3.592e-03
3.466e-03
3.663e-03
3.581e-03
3.586e-03
3.393e-03
3.506e-03
3.315e-03
3.497e-03
3.568e-03
3.685e-03
3.595e-03
3.660e-03
3.674e-03
3.475e-03
3.503e-03
3.623e-03
3.610e-03
3.653e-03
3.799e-03
3.697e-03
3.529e-03
3.455e-03
3.519e-03
3.540e-03
3.562e-03
3.608e-03
3.593e-03
3.616e-03
3.776e-03
3.486e-03
3.633e-03
3.551e-03
3.538e-03
3.525e-03
3.618e-03
3.252e-03
3.619e-03
3.677e-03
3.589e-03
3.698e-03
3.313e-03
3.744e-03
3.551e-03
3.667e-03
3.676e-03
3.736e-03
3.520e-03
3.503e-03
3.610e-03
3.554e-03
3.496e-03
3.552e-03
3.598e-03
3.391e-03
3.415e-03
3.600e-03
3.583e-03
3.594e-03
3.556e-03
3.657e-03
3.724e-03
3.597e-03
3.645e-03
3.564e-03
3.645e-03
3.534e-03
3.668e-03
3.510e-03
3.707e-03
3.477e-03
3.477e-03
3.699e-03
3.780e-03
3.652e-03
3.648e-03
3.688e-03
3.554e-03
3.689e-03
3.513e-03
3.494e-03
3.577e-03
3.634e-03
3.642e-03
3.479e-03
3.450e-03
3.695e-03
3.497e-03
3.630e-03
3.774e-03
3.576e-03
3.247e-03
3.765e-03
3.735e-03
3.411e-03
3.693e-03
3.529e-03
3.581e-03
3.500e-03
3.375e-03
3.621e-03
3.654e-03
3.578e-03
3.596e-03
3.561e-03
3.482e-03
3.533e-03
3.514e-03
3.532e-03
3.577e-03
3.435e-03
3.408e-03
3.438e-03
3.309e-03
3.350e-03
3.577e-03
3.601e-03
3.601e-03
3.410e-03
3.476e-03
3.719e-03
3.575e-03
3.476e-03
3.569e-03
3.431e-03
3.682e-03
3.608e-03
3.452e-03
3.594e-03
3.520e-03
3.785e-03
3.620e-03
3.482e-03
3.604e-03
3.716e-03
3.418e-03
3.605e-03
3.788e-03
3.570e-03
3.624e-03
3.639e-03
3.591e-03
3.599e-03
3.694e-03
3.812e-03
3.531e-03
3.700e-03
3.536e-03
3.547e-03
3.651e-03
3.647e-03
3.563e-03
3.636e-03
3.665e-03
3.598e-03
3.526e-03
3.695e-03
3.502e-03
3.610e-03
3.728e-03
3.588e-03
3.533e-03
3.498e-03
3.546e-03
3.697e-03
3.585e-03
3.695e-03
3.667e-03
3.598e-03
3.667e-03
3.657e-03
3.420e-03
3.575e-03
3.599e-03
3.643e-03
3.764e-03
3.812e-03
3.420e-03
3.494e-03
3.522e-03
3.624e-03
3.638e-03
3.664e-03
3.486e-03
3.410e-03
3.593e-03
3.383e-03
3.879e-03
3.670e-03
3.435e-03
3.666e-03
3.680e-03
3.669e-03
3.600e-03
3.546e-03
3.657e-03
3.667e-03
3.429e-03
3.451e-03
3.722e-03
3.505e-03
3.638e-03
3.613e-03
3.456e-03
3.680e-03
3.497e-03
3.494e-03
3.682e-03
3.688e-03
3.572e-03
3.512e-03
3.379e-03
3.586e-03
3.697e-03
3.505e-03
3.759e-03
3.575e-03
3.573e-03
3.666e-03
3.453e-03
3.463e-03
3.653e-03
3.742e-03
3.375e-03
3.623e-03
3.735e-03
3.711e-03
3.602e-03
3.441e-03
3.506e-03
3.570e-03
3.622e-03
3.593e-03
3.529e-03
3.566e-03
3.606e-03
3.576e-03
3.455e-03
3.466e-03
3.521e-03
3.555e-03
3.601e-03
3.612e-03
3.552e-03
3.399e-03
3.374e-03
3.560e-03
3.530e-03
3.640e-03
3.682e-03
3.510e-03
3.771e-03
3.686e-03
3.350e-03
3.660e-03
3.643e-03
3.340e-03
3.472e-03
